k	maxiter	Iris-setosa	Iris-virginica		Iris-versicolor
3	5	1.0		0.827586206897		0.864864864865
3	10	1.0		0.827586206897		0.864864864865
3	20	1.0		0.827586206897		0.864864864865

k	maxiter	Iris-setosa	Iris-virginica		Iris-versicolor
4	5	1.0		0.79012345679		0.692307692308
4	10	1.0		0.79012345679		0.692307692308
4	20	1.0		0.79012345679		0.692307692308

k	maxiter	Iris-setosa	Iris-virginica		Iris-versicolor
5	5	0.608695652174	0.80487804878		0.621621621622
5	10	0.72		0.79012345679		0.692307692308
5	20	0.72		0.79012345679		0.692307692308